psi = lagrange_poly(3)

psi = 

1x4 struct array with fields:
    fun
    der

psi(1) 

ans = 

    fun: [-0.5625 0.5625 0.0625 -0.0625]
    der: [-1.6875 1.1250 0.0625]

psi(2)

ans = 

    fun: [1.6875 -0.5625 -1.6875 0.5625]
    der: [5.0625 -1.1250 -1.6875]

psi(3)

ans = 

    fun: [-1.6875 -0.5625 1.6875 0.5625]
    der: [-5.0625 -1.1250 1.6875]

psi(4)

ans = 

    fun: [0.5625 0.5625 -0.0625 -0.0625]
    der: [1.6875 1.1250 -0.0625]

diary off
